location,Geneva,Geneva,Geneva,Geneva,Geneva,Geneva,Geneva,Geneva,Geneva,Geneva,Geneva,Geneva,Geneva,Geneva,Geneva,Geneva,Geneva,Geneva,Geneva,Geneva,Geneva,Geneva,Geneva,Geneva,Geneva,Geneva,Geneva,Geneva,Geneva,Geneva,Geneva,Geneva,Geneva,Geneva,Geneva,Geneva,Geneva
lat,46.22217,46.22217,46.22217,46.22217,46.22217,46.22217,46.22217,46.22217,46.22217,46.22217,46.22217,46.22217,46.22217,46.22217,46.22217,46.22217,46.22217,46.22217,46.22217,46.22217,46.22217,46.22217,46.22217,46.22217,46.22217,46.22217,46.22217,46.22217,46.22217,46.22217,46.22217,46.22217,46.22217,46.22217,46.22217,46.22217,46.22217
lon,6.15116,6.15116,6.15116,6.15116,6.15116,6.15116,6.15116,6.15116,6.15116,6.15116,6.15116,6.15116,6.15116,6.15116,6.15116,6.15116,6.15116,6.15116,6.15116,6.15116,6.15116,6.15116,6.15116,6.15116,6.15116,6.15116,6.15116,6.15116,6.15116,6.15116,6.15116,6.15116,6.15116,6.15116,6.15116,6.15116,6.15116
asl,380.573,380.573,380.573,380.573,380.573,380.573,380.573,380.573,380.573,380.573,380.573,380.573,380.573,380.573,380.573,380.573,380.573,380.573,380.573,380.573,380.573,380.573,380.573,380.573,380.573,380.573,380.573,380.573,380.573,380.573,380.573,380.573,380.573,380.573,380.573,380.573,380.573
variable,Temperature,Relative Humidity,Mean Sea Level Pressure,Precipitation Total,Snowfall Amount,Cloud Cover Total,Cloud Cover High,Cloud Cover Medium,Cloud Cover Low,Sunshine Duration,Shortwave Radiation,Direct Shortwave Radiation,Diffuse Shortwave Radiation,Evapotranspiration,FAO Reference Evapotranspiration,CAPE,Wind Gust,Wind Speed,Wind Direction,Wind Speed,Wind Direction,Wind Speed,Wind Direction,Wind Speed,Wind Direction,Wind Speed,Wind Direction,Wind Speed,Wind Direction,Geopotential Height,Temperature,Temperature,Temperature,Temperature,Soil Temperature,Soil Moisture,Vapor Pressure Deficit
unit,°C,%,hPa,mm,cm,%,%,%,%,min,W/m²,W/m²,W/m²,mm,mm,J/kg,km/h,km/h,°,km/h,°,km/h,°,km/h,°,km/h,°,km/h,°,Gpm,°C,°C,°C,°C,°C,m³/m³,hPa
level,2 m elevation corrected,2 m,MSL,sfc,sfc,sfc,high cld lay,mid cld lay,low cld lay,sfc,sfc,sfc,sfc,sfc,2 m,180-0 mb above gnd,sfc,10 m,10 m,80 m,80 m,900 mb,900 mb,850 mb,850 mb,700 mb,700 mb,500 mb,500 mb,1000 mb,1000 mb,850 mb,700 mb,sfc,0-10 cm down,0-10 cm down,2 m
resolution,hourly,hourly,hourly,hourly,hourly,hourly,hourly,hourly,hourly,hourly,hourly,hourly,hourly,hourly,hourly,hourly,hourly,hourly,hourly,hourly,hourly,hourly,hourly,hourly,hourly,hourly,hourly,hourly,hourly,hourly,hourly,hourly,hourly,hourly,hourly,hourly,hourly
aggregation,None,None,None,None,None,None,None,None,None,None,None,None,None,None,None,None,None,None,None,None,None,None,None,None,None,None,None,None,None,None,None,None,None,None,None,None,None
timestamp,Geneva Temperature [2 m elevation corrected],Geneva Relative Humidity [2 m],Geneva Mean Sea Level Pressure [MSL],Geneva Precipitation Total,Geneva Snowfall Amount,Geneva Cloud Cover Total,Geneva Cloud Cover High [high cld lay],Geneva Cloud Cover Medium [mid cld lay],Geneva Cloud Cover Low [low cld lay],Geneva Sunshine Duration,Geneva Shortwave Radiation,Geneva Direct Shortwave Radiation,Geneva Diffuse Shortwave Radiation,Geneva Evapotranspiration,Geneva FAO Reference Evapotranspiration [2 m],Geneva CAPE [180-0 mb above gnd],Geneva Wind Gust,Geneva Wind Speed [10 m],Geneva Wind Direction [10 m],Geneva Wind Speed [80 m],Geneva Wind Direction [80 m],Geneva Wind Speed [900 mb],Geneva Wind Direction [900 mb],Geneva Wind Speed [850 mb],Geneva Wind Direction [850 mb],Geneva Wind Speed [700 mb],Geneva Wind Direction [700 mb],Geneva Wind Speed [500 mb],Geneva Wind Direction [500 mb],Geneva Geopotential Height [1000 mb],Geneva Temperature [1000 mb],Geneva Temperature [850 mb],Geneva Temperature [700 mb],Geneva Temperature,Geneva Soil Temperature [0-10 cm down],Geneva Soil Moisture [0-10 cm down],Geneva Vapor Pressure Deficit [2 m]
20201019T0000,7.273722,78.0,1023.8,0.0,0.0,0.0,0.0,0.0,0.0,0.0,0.0,0.0,0.0,0.00288,0.0,0.0,5.3999996,2.1897945,80.537674,4.829907,26.565033,3.0547013,44.999985,7.7879906,213.69006,15.696165,306.6071,41.493805,315.3515,194.0,9.88,1.39,-0.1,6.35,8.380005,0.254,2.2654896
20201019T0100,6.6737223,76.0,1024.1,0.0,0.0,0.0,0.0,0.0,0.0,0.0,0.0,0.0,0.0,0.00288,0.0,0.0,3.96,2.8116899,129.80557,2.52,89.99999,2.1897945,80.537674,9.422101,226.54816,16.434305,298.8108,47.176483,318.40277,196.0,9.43,1.31,-0.01,5.77,7.779999,0.254,2.371821
20201019T0200,6.043722,76.0,1024.1,0.0,0.0,0.0,0.0,0.0,0.0,0.0,0.0,0.0,0.0,0.00288,0.0,0.0,2.16,1.1384199,161.56505,0.0,180.0,1.835647,78.69006,10.990322,211.6075,18.193361,297.07208,48.390213,316.80875,195.0,8.85,1.59,0.11,5.25,7.2400208,0.254,2.271069
20201019T0300,5.613722,79.0,1025.2,0.0,0.0,2.0,0.0,0.0,2.0,0.0,0.0,0.0,0.0,0.00144,0.0,0.0,2.16,2.4149535,153.43495,0.35999998,180.0,1.08,89.99999,13.324863,218.41806,19.64228,296.09543,51.581852,319.52884,204.0,8.47,2.15,0.22,4.79,6.76001,0.254,1.9289174
20201019T0400,5.093722,81.0,1024.4,0.0,0.0,9.0,6.0,0.0,9.0,0.0,0.0,0.0,0.0,0.00144,0.0,0.0,1.4399999,2.52,180.0,1.484318,255.96376,1.08,89.99999,15.379206,212.57407,21.434364,299.14807,55.74307,324.46234,197.0,7.97,2.46,0.34,4.38,6.330017,0.254,1.6832929
20201019T0500,4.813722,83.0,1023.9,0.0,0.0,12.0,0.0,0.0,12.0,0.0,0.0,0.0,0.0,0.00144,0.0,0.0,1.08,1.08,180.0,1.835647,281.30994,1.4399999,89.99999,16.075521,214.04594,21.578989,297.8476,53.174084,342.66913,192.0,7.59,2.18,0.2,4.04,5.950012,0.254,1.4770021
20201019T0600,4.623722,85.0,1024.2,0.0,0.0,39.0,19.0,0.0,39.0,0.0,0.0,0.0,0.0,0.0,0.0,0.0,1.4399999,1.0182338,225.0,2.5455842,278.1301,1.609969,116.56505,20.08916,216.25385,22.768396,304.69516,48.786304,348.93884,194.0,7.25,2.36,0.43,3.81,5.619995,0.254,1.2860646
20201019T0700,4.933722,86.0,1024.1,0.0,0.0,100.0,27.0,0.0,100.0,0.0,0.0,0.0,0.0,0.00576,0.0,0.0,4.32,0.71999997,270.0,2.16,270.0,2.0364676,135.0,23.565569,214.41837,22.039528,308.3675,44.67047,336.74078,194.0,7.02,2.87,0.5,5.64,6.0500183,0.254,1.2265744
20201019T0800,5.4237223,85.0,1024.3,0.0,0.0,100.0,23.0,26.0,100.0,0.0,0.0,0.0,0.0,0.00576,0.0,0.0,3.2399998,1.2979984,236.30994,3.0547013,225.0,4.802999,167.00539,23.893261,210.8157,22.183128,311.71075,46.10952,317.21478,196.0,7.19,3.3,0.83,6.06,6.4299927,0.254,1.3597565
20201019T0900,6.353722,84.0,1023.7,0.0,0.0,100.0,0.0,0.0,100.0,0.0,41.829998,22.11456,19.715439,0.01008,0.0,0.0,2.52,1.0182338,315.0,2.968636,255.96376,6.4799995,180.0,24.567198,214.85446,19.09358,314.2361,42.095375,311.1859,192.0,7.31,3.68,1.17,7.85,7.0500183,0.254,1.546773
20201019T1000,7.263722,85.0,1023.7,0.0,0.0,100.0,2.0,6.0,100.0,0.0,143.29,88.37105,54.91895,0.02016,0.0519204,0.0,3.2399998,2.5455842,8.130096,1.484318,345.96375,7.342588,191.30994,26.208397,217.18471,16.199999,306.8699,43.696648,309.98688,193.0,7.5,4.1,1.33,10.33,8.209991,0.254,1.5435934
20201019T1100,8.323722,79.0,1023.7,0.0,0.0,31.0,7.0,0.0,31.0,40.212765,324.85,188.95865,135.89136,0.04176,0.13083793,0.0,3.96,2.968636,14.03624,2.52,360.0,7.628263,199.29004,27.217524,217.47618,13.70839,299.93152,39.938915,303.97656,193.0,8.31,4.66,1.38,13.12,10.0,0.254,2.3228407
20201019T1200,9.723722,73.0,1022.9,0.0,0.0,10.0,2.0,0.0,10.0,53.61702,474.37,284.70892,189.66107,0.06192,0.20965259,0.0,6.4799995,2.52,360.0,2.5455842,351.8699,11.090103,215.75389,29.237675,217.99873,12.783802,279.7276,43.498966,298.68616,188.0,9.6,5.21,1.38,15.52,11.809998,0.253,3.282261
20201019T1300,11.133722,67.0,1021.8,0.0,0.0,0.90000004,3.0,0.0,0.0,59.425533,537.56,328.56738,208.9926,0.08208,0.25368157,0.0,12.24,2.8799999,360.0,2.8799999,360.0,16.055355,227.72632,32.726357,219.64418,14.830076,264.4278,45.086315,297.58807,180.0,10.98,5.53,1.18,17.42,13.580017,0.253,4.407241
20201019T1400,12.363722,61.0,1022.2,0.0,0.0,2.1000001,7.0,0.0,0.0,58.659573,553.58,339.91794,213.66208,0.09936,0.27064544,0.0,12.959999,4.6800003,22.619858,5.0142193,21.037506,16.039202,224.09062,31.942772,219.97093,19.44,270.0,52.70405,306.94818,184.0,12.2,6.46,0.5,18.37,14.839996,0.256,5.6490383
20201019T1500,13.173722,59.0,1021.2,0.0,0.0,4.8,16.0,0.0,0.0,56.93617,519.76,316.24146,203.51857,0.10656,0.26027128,0.0,13.32,5.00128,30.256424,5.634891,26.565033,17.49615,216.63412,33.121956,217.49266,20.570463,265.98584,50.734455,311.83612,176.0,13.13,7.23,0.68,18.67,15.920013,0.255,6.2621813
20201019T1600,13.593722,58.0,1020.4,0.0,0.0,30.000002,100.0,0.0,0.0,40.851063,445.88998,265.21753,180.67245,0.1008,0.22474532,0.0,15.84,6.12,28.07248,7.0911775,23.962494,16.179987,212.27565,34.70407,216.98877,22.19773,261.6071,44.039345,314.66882,170.0,13.76,7.96,0.68,18.01,16.399994,0.255,6.592884
20201019T1700,13.513722,59.0,1020.5,0.0,0.0,30.000002,100.0,0.0,0.0,40.851063,311.5,178.82152,132.67848,0.08352,0.15916105,0.0,16.919998,6.989936,34.508514,7.9036193,30.068573,15.941944,205.40771,38.84331,214.42648,22.101183,257.7749,43.11141,311.27594,171.0,13.93,8.2,0.76,16.38,16.190002,0.254,6.4025097
20201019T1800,12.863722,62.0,1019.9,0.0,0.0,30.000002,100.0,0.0,0.0,40.851063,160.2,87.7307,72.4693,0.0576,0.0832644,0.0,11.879999,6.792466,32.005356,8.049845,26.565033,20.188908,201.99113,36.43655,209.60445,24.023088,250.75047,41.688557,306.57306,165.0,13.66,8.07,0.84,14.12,15.309998,0.254,5.687601
20201019T1900,11.743722,70.0,1019.7,0.0,0.0,30.000002,100.0,6.0,0.0,29.242552,27.59,14.444349,13.145651,0.02592,0.012928241,0.0,6.4799995,6.489992,33.690063,8.217153,28.810776,24.33664,209.21925,39.966484,209.10474,26.729847,244.4703,36.551968,297.57455,163.0,13.02,7.84,1.07,11.94,13.910004,0.254,4.1715927
20201019T2000,11.163722,76.0,1020.0,0.0,0.0,100.0,100.0,100.0,0.0,0.0,0.0,0.0,0.0,0.01152,0.0,0.0,2.8799999,2.5959969,56.30993,4.072935,44.999985,27.908709,210.20325,47.205322,208.71509,28.33957,244.41148,35.757988,286.9755,165.0,12.66,7.56,1.5,11.21,12.77002,0.254,3.211649
20201019T2100,10.923722,77.0,1019.8,0.0,0.0,100.0,100.0,100.0,0.0,0.0,0.0,0.0,0.0,0.00288,0.0,0.0,1.08,0.5091169,135.0,0.71999997,89.99999,33.043606,209.35776,54.645344,211.80533,29.548521,247.80972,37.38457,285.64224,163.0,12.79,7.09,2.02,10.73,11.970001,0.254,3.0291824
20201019T2200,10.793722,73.0,1019.9,0.0,0.0,16.0,20.0,16.0,0.0,0.0,0.0,0.0,0.0,0.00144,0.0,0.0,3.2399998,1.8,216.8699,2.0991426,239.03624,34.94968,214.50853,52.144104,215.44571,31.293089,246.97452,35.309376,290.28256,164.0,13.19,7.4,2.34,9.54,11.290009,0.254,3.5254173
20201019T2300,10.363722,67.0,1020.1,0.0,0.0,0.0,0.0,0.0,0.0,0.0,0.0,0.0,0.0,0.00144,0.0034918408,0.0,6.4799995,3.8268526,228.81409,4.3349743,265.23636,43.081337,221.95163,43.322823,205.07442,33.84766,246.16125,34.57687,284.47028,166.0,13.18,8.14,2.43,8.43,10.350006,0.254,4.187146
20201020T0000,9.6837225,62.0,1020.1,0.0,0.0,0.0,0.0,0.0,0.0,0.0,0.0,0.0,0.0,0.00144,0.01799218,0.0,23.759998,6.638072,220.6013,6.9527545,248.7495,47.56906,219.47246,38.973217,205.14479,36.73588,245.69547,35.230373,281.1951,165.0,12.66,7.99,2.51,7.69,9.559998,0.254,4.6070976
20201020T0100,8.513722,68.0,1020.2,0.0,0.0,98.0,1.0,98.0,0.0,0.0,0.0,0.0,0.0,0.00432,0.012141221,0.0,25.56,6.439876,206.56505,11.983188,237.26477,51.05531,217.83955,45.63488,209.80095,41.674564,238.7816,33.092598,278.1301,164.0,12.28,8.0,2.39,7.9,9.059998,0.254,3.5854354
20201020T0200,7.6537223,73.0,1020.6,0.0,0.0,3.3000002,11.0,0.0,0.0,0.0,0.0,0.0,0.0,0.00288,0.008820647,0.0,25.919998,6.638072,220.6013,14.081477,237.52881,50.3228,213.91743,55.145844,209.74487,41.4438,237.4143,33.487743,268.768,167.0,12.08,8.24,2.53,6.73,8.52002,0.254,2.8534784
20201020T0300,6.993722,75.0,1021.2,0.0,0.0,27.0,11.0,27.0,0.0,0.0,0.0,0.0,0.0,0.00288,0.008428063,0.0,20.880001,7.145796,229.08562,13.049689,245.55606,44.039345,212.6508,68.30899,212.51752,40.571537,243.66232,34.925568,261.70285,171.0,11.59,7.97,3.05,6.2,7.980011,0.254,2.5255227
20201020T0400,6.573722,75.0,1020.5,0.0,0.0,5.1000004,17.0,0.0,0.0,0.0,0.0,0.0,0.0,0.00288,0.0082463,0.0,19.08,7.145796,229.08562,12.57426,246.37064,44.234608,213.04341,71.22726,215.53767,38.36492,251.39505,39.20696,256.72937,165.0,11.5,7.89,3.16,5.74,7.51001,0.254,2.4537287
20201020T0500,6.363722,75.0,1020.2,0.0,0.0,6.6000004,22.0,0.0,0.0,0.0,0.0,0.0,0.0,0.00144,0.008810992,0.0,18.72,7.42159,230.90614,12.397806,244.17902,45.034546,212.92787,71.4253,217.21645,35.27449,255.82195,40.076588,255.96376,162.0,11.73,7.92,2.51,5.35,7.080017,0.254,2.4185061
20201020T0600,6.1337223,73.0,1020.6,0.0,0.0,6.3,21.0,0.0,0.0,0.0,0.0,0.0,0.0,0.00144,0.0083127795,0.0,18.72,6.696387,233.74615,9.339208,242.44719,49.837574,212.31248,68.04858,215.96053,33.27031,256.86597,40.64175,251.40457,165.0,11.55,8.16,2.16,4.93,6.6900024,0.254,2.5708785
20201020T0700,5.813722,71.0,1020.7,0.0,0.0,7.2000003,24.0,0.0,0.0,0.0,0.0,0.0,0.0,0.00144,0.010187469,0.0,17.28,6.9527545,248.7495,10.587917,252.18112,43.96129,211.6075,66.50652,214.6363,31.085323,256.6075,42.218346,245.83908,164.0,11.12,8.48,1.94,4.61,6.360016,0.254,2.7009058
20201020T0800,5.733722,69.0,1020.5,0.0,0.0,5.7000003,19.0,0.0,0.0,1.5656029,0.0,0.0,0.0,0.00144,0.010957012,0.0,12.959999,6.763786,244.79889,10.041354,255.46555,43.9436,214.99202,61.908485,214.33693,29.784426,262.3596,47.86917,240.73613,163.0,10.76,8.72,1.47,4.27,6.0200195,0.254,2.8712273
20201020T0900,6.433722,68.0,1020.8,0.0,0.0,4.8,16.0,0.0,0.0,56.93617,66.75,35.26243,31.487572,0.01008,0.008137849,0.0,14.4,6.763786,244.79889,10.948973,260.5377,46.371574,216.15819,58.12077,212.60728,27.193705,263.15723,51.984795,239.17233,165.0,11.01,9.02,0.99,6.97,6.3200073,0.254,3.1106453
20201020T1000,9.093722,68.0,1020.5,0.0,0.0,12.3,41.0,0.0,0.0,52.148937,222.5,123.746254,98.753746,0.03024,0.08354166,0.0,20.880001,7.5942073,264.5597,11.159999,270.0,48.888477,216.61676,55.637177,209.88283,25.277023,252.59729,54.918587,235.68492,166.0,11.9,9.46,0.65,10.68,7.8099976,0.254,3.7287426
20201020T1100,12.543722,55.0,1019.4,0.0,0.0,6.0,20.0,0.0,0.0,56.170216,362.22998,210.39265,151.83733,0.0576,0.18167554,0.0,24.84,11.525623,255.52971,13.556282,259.28687,51.625805,217.34935,56.57615,209.33789,20.592503,233.53076,55.999382,239.47842,161.0,13.42,9.6,0.69,14.39,10.029999,0.254,6.5956154
20201020T1200,15.4337225,44.0,1019.0,0.0,0.0,6.0,20.0,0.0,0.0,56.170216,461.91,276.8172,185.0928,0.09504,0.27297032,0.0,24.119999,15.7908325,245.77226,18.998316,242.9494,48.965294,216.02737,52.98363,207.958,26.089443,219.40067,55.615047,236.61853,160.0,16.14,9.53,0.84,17.42,12.490021,0.253,9.899664
20201020T1300,16.753721,41.0,1017.9,0.0,0.0,7.8,26.0,0.0,0.0,55.02128,521.54,318.29004,203.24992,0.13536,0.32679966,0.0,31.68,19.969458,236.02345,24.774696,234.46233,48.33796,214.99202,52.49708,207.79514,31.682043,216.21884,53.233765,234.91275,151.0,17.29,9.62,1.2,19.27,14.690002,0.252,11.346186
20201020T1400,19.113722,41.0,1016.1,0.0,0.0,9.3,31.0,0.0,0.0,54.063828,537.56,329.56564,207.99435,0.1584,0.36776543,0.0,37.8,23.419376,225.0,29.301876,222.51045,46.74597,215.2812,65.91146,209.08499,39.345547,212.67223,62.088257,229.93921,136.0,19.91,10.52,3.7,21.26,16.869995,0.253,13.161155
20201020T1500,19.763721,38.0,1015.3,0.0,0.0,23.1,77.0,0.0,0.0,45.255318,496.62,301.6772,194.94281,0.1584,0.3502262,0.0,37.44,17.399586,245.55606,19.486609,244.85522,32.399998,216.8699,40.513992,194.4067,65.390305,218.06865,67.94373,242.89188,130.0,20.67,11.12,3.3,21.33,17.7,0.251,14.400449
20201020T1600,19.333721,42.0,1015.1,0.0,0.0,8.1,27.0,0.0,0.0,54.82979,425.41998,252.62363,172.79636,0.14976,0.31289253,0.0,34.92,20.991426,239.03624,24.766848,237.46494,42.340958,217.74681,46.45116,194.35934,70.88435,221.70604,72.749405,246.98755,127.0,20.34,11.56,2.55,20.6,18.08,0.25,13.116461
20201020T1700,18.623722,46.0,1014.6,0.0,0.0,16.5,55.0,0.0,0.0,49.468082,314.16998,180.04698,134.123,0.11952,0.24686275,0.0,33.12,21.203358,229.82077,26.787966,228.81409,53.644833,217.63893,54.792187,204.03894,71.814354,223.37503,75.264114,250.43835,124.0,19.92,11.44,2.37,19.07,17.89,0.249,11.682931
20201020T1800,17.793722,54.0,1013.8,0.0,0.0,30.000002,100.0,0.0,0.0,40.851063,169.09999,92.44204,76.65795,0.0792,0.13811019,0.0,29.88,14.618837,217.99873,22.725668,220.50285,49.226624,214.27115,58.281097,206.40678,69.46601,229.62415,77.322945,250.13086,117.0,19.78,11.55,2.74,17.1,17.16,0.25,9.447156
20201020T1900,16.543722,59.0,1014.0,0.0,0.0,100.0,41.0,100.0,0.0,0.0,26.699999,13.965566,12.734433,0.0288,0.039197672,0.0,30.599998,10.144082,207.47443,19.083395,215.78897,61.031414,220.45467,67.95614,207.78682,73.1571,233.8068,80.1564,250.58852,117.0,19.66,12.13,3.27,15.5,16.22,0.25,7.7801847
20201020T2000,16.603722,44.0,1014.1,0.0,0.0,100.0,21.0,100.0,0.0,0.0,0.0,0.0,0.0,0.02736,0.094498515,0.0,38.519997,15.072783,220.156,24.693481,224.40935,64.48925,219.10938,73.41529,206.81635,90.06118,236.24641,76.436226,246.69511,119.0,19.0,12.2,2.84,15.06,15.44,0.25,10.667168
20201020T2100,15.563722,46.0,1014.3,0.0,0.0,100.0,17.0,100.0,100.0,0.0,0.0,0.0,0.0,0.03888,0.09280041,0.0,35.28,16.135872,218.65982,25.264202,220.9555,58.00917,208.951,76.68338,208.61046,86.56858,236.70644,76.80918,242.35403,120.0,17.85,12.11,2.34,14.42,14.85,0.249,9.625968
20201020T2200,14.423722,49.0,1014.4,0.0,0.0,100.0,27.0,100.0,0.0,0.0,0.0,0.0,0.0,0.03456,0.07262698,0.0,30.960001,13.755579,227.1211,22.183128,228.28925,47.998947,201.56201,73.757835,207.94089,82.37788,235.68492,78.16229,238.94574,120.0,17.01,12.25,2.89,13.5,14.27,0.249,8.448271
20201020T2300,13.523722,53.0,1014.5,0.0,0.0,100.0,9.0,100.0,28.0,0.0,0.0,0.0,0.0,0.03024,0.052737493,0.0,29.16,11.246759,230.19443,18.161278,230.63068,50.77149,203.83875,76.75771,209.81155,71.715935,240.86159,78.843285,232.60687,119.0,16.52,12.15,3.04,13.04,13.7,0.249,7.3442307
20201021T0000,12.533722,57.0,1014.8,0.0,0.0,100.0,17.0,100.0,0.0,0.0,0.0,0.0,0.0,0.02448,0.04306692,0.0,27.72,10.630672,241.69925,18.58451,238.46521,50.396145,205.83287,73.95438,208.81079,71.26545,240.32692,80.95119,224.63965,120.0,16.42,12.09,3.39,12.33,13.17,0.249,6.2983303
20201021T0100,11.163722,60.0,1014.9,0.0,0.0,100.0,19.0,100.0,0.0,0.0,0.0,0.0,0.0,0.02448,0.037326835,0.0,33.12,10.636766,246.0375,19.164717,241.99083,52.005985,205.85555,74.58606,208.54425,67.46999,242.34113,81.48415,223.5679,119.0,16.01,12.33,3.36,11.4,12.51,0.248,5.352747
20201021T0200,11.063722,59.0,1015.0,0.0,0.0,100.0,6.0,100.0,0.0,0.0,0.0,0.0,0.0,0.02448,0.035187952,0.0,30.239998,9.83268,246.2505,18.35647,244.44003,51.681007,206.92203,75.074455,208.65431,61.921043,232.797,80.39857,231.17993,119.0,15.98,12.56,3.62,11.14,12.01,0.248,5.4502907
20201021T0300,10.803722,60.0,1014.0,0.0,0.0,75.0,3.0,75.0,0.0,0.0,0.0,0.0,0.0,0.01728,0.026210662,0.0,29.16,7.968939,251.56506,12.303366,249.44395,30.10685,206.25867,48.20372,201.00679,96.25675,223.48459,88.87261,243.01978,112.0,15.43,12.79,4.0,10.42,11.37,0.249,5.2263036
20201021T0400,9.4337225,66.0,1013.2,0.0,0.0,0.0,0.0,0.0,0.0,0.0,0.0,0.0,0.0,0.01008,0.021937361,0.0,21.24,8.669949,274.76364,15.158522,265.91437,27.757376,182.97372,55.567257,191.96513,93.24834,220.14543,84.40675,245.29314,103.0,14.21,13.18,4.54,8.75,10.45,0.25,4.053509
20201021T0500,8.963722,70.0,1012.9,0.0,0.0,0.0,0.0,0.0,0.0,0.0,0.0,0.0,0.0,0.00576,0.011107834,0.0,20.519999,6.4799995,270.0,12.849528,258.69006,41.587402,191.99083,65.24844,204.44395,87.00165,221.14131,81.87764,246.13983,100.0,13.23,13.85,4.55,7.93,9.58,0.251,3.4651794
20201021T0600,8.403722,75.0,1012.3,0.0,0.0,0.0,0.0,0.0,0.0,0.0,0.0,0.0,0.0,0.00288,0.00941354,0.0,23.4,7.2805495,261.46924,11.792404,257.66092,52.723717,197.07397,74.71106,205.70074,92.95602,226.7262,80.823814,238.29219,94.0,13.68,13.81,5.19,7.29,8.87,0.252,2.7803278
20201021T0700,7.873722,72.0,1012.6,0.0,0.0,0.6,2.0,0.0,0.0,0.0,0.0,0.0,0.0,0.00576,0.018115522,0.0,37.079998,9.826088,261.57303,17.114204,255.37914,57.766262,202.72974,82.917305,206.0088,95.64489,230.49817,76.20869,227.87196,96.0,13.93,13.29,5.76,6.96,8.45,0.252,3.0038457
20201021T0800,7.803722,68.0,1013.5,0.0,0.0,2.0,1.0,2.0,0.0,0.2609929,0.0,0.0,0.0,0.01008,0.026096178,0.0,27.72,11.384199,251.56506,24.023088,240.36162,62.067383,209.53879,87.43183,210.15454,97.94381,231.86644,76.12702,218.27898,103.0,15.22,12.76,4.49,6.74,8.13,0.252,3.4166489
20201021T0900,8.913722,63.0,1013.6,0.0,0.0,2.4,8.0,0.0,0.0,58.468086,62.3,32.886578,29.413422,0.02016,0.022539318,0.0,29.16,9.983106,244.359,18.709612,239.98164,55.071766,211.09222,93.816444,209.41763,86.4937,228.88138,81.43404,217.27516,105.0,16.29,12.95,3.67,9.05,8.35,0.252,4.2593136
20201021T1000,11.773722,60.0,1013.1,0.0,0.0,22.0,4.0,22.0,0.0,45.95745,220.72,122.57723,98.14277,0.04032,0.10457447,0.0,37.8,10.829959,254.57785,15.034041,253.30075,54.951614,201.5226,86.77867,206.88394,91.136894,220.67494,95.259285,216.39352,104.0,16.5,12.95,2.83,12.65,9.71,0.252,5.5731525
20201021T1100,16.003721,50.0,1012.7,0.0,0.0,86.0,5.0,86.0,0.0,5.1063824,350.66,203.3722,147.28781,0.0648,0.20464943,0.0,37.44,11.298495,247.52057,11.841756,250.46335,61.824696,199.38452,87.421455,206.67056,95.4679,219.03098,97.378494,218.39517,105.0,18.36,13.06,2.58,17.03,12.05,0.251,9.167227
20201021T1200,19.833721,41.0,1012.1,0.0,0.0,30.000002,100.0,0.0,0.0,40.851063,449.44998,268.94617,180.5038,0.09648,0.30741566,0.0,39.96,13.979872,235.49149,14.565548,230.01312,54.902065,200.33618,82.47064,204.77515,100.243675,221.36014,100.919495,218.62788,102.0,21.58,13.36,2.73,20.61,14.78,0.251,13.763245
20201021T1300,22.283722,35.0,1011.3,0.0,0.0,100.0,100.0,100.0,0.0,0.0,494.84,301.53278,193.30724,0.13248,0.38274387,0.0,43.199997,17.610588,229.14462,18.59845,227.3533,47.935455,202.52057,76.105736,203.41211,103.02292,221.60028,104.765564,217.46056,96.0,23.69,13.6,2.82,23.33,17.43,0.25,17.623253
20201021T1400,22.903723,33.0,1011.0,0.0,0.0,100.0,16.0,100.0,0.0,0.0,510.86,312.70465,198.15535,0.1656,0.41931623,0.0,46.44,21.758419,231.0441,24.29133,230.41187,49.302914,208.81079,72.99572,204.16333,102.35276,223.85994,109.80472,219.01186,92.0,24.1,14.12,2.83,24.41,19.5,0.249,18.861599
20201021T1500,22.843721,33.0,1011.0,0.0,0.0,100.0,18.0,100.0,26.0,0.0,461.02,279.5996,181.42036,0.1656,0.39604092,0.0,44.28,21.611996,240.01837,26.178707,238.49574,47.630325,212.9694,49.864876,198.95819,106.84421,219.80557,106.15301,231.88643,92.0,24.23,14.54,2.32,23.81,20.16,0.248,18.793295
20201021T1600,21.533722,37.0,1011.1,0.0,0.0,100.0,7.0,100.0,19.0,0.0,293.69998,203.06674,90.63323,0.14256,0.29697752,0.0,37.44,19.966211,244.359,23.667091,243.8247,41.48912,210.79324,46.817993,192.43323,96.13079,216.0116,105.923836,233.98694,93.0,23.06,14.61,1.92,22.1,19.87,0.247,16.317513
20201021T1700,21.033722,41.0,1011.2,0.0,0.0,92.0,9.0,92.0,0.0,1.2765956,280.35,160.39035,119.95965,0.12384,0.2494917,0.0,32.039997,16.78156,234.60521,20.969807,235.49149,38.017094,204.62357,50.555332,194.43207,91.87338,216.55559,108.39826,231.60765,94.0,22.64,14.88,1.61,21.21,19.59,0.246,14.820418
20201021T1800,19.783722,47.0,1011.5,0.0,0.0,100.0,4.0,100.0,1.0,0.0,137.95,75.28046,62.669537,0.0792,0.13822426,0.0,37.44,11.808878,232.43141,18.668005,230.47737,48.140488,207.13991,72.48884,204.6559,91.37194,220.84615,107.26429,229.62814,96.0,21.9,14.75,1.23,19.06,18.8,0.246,12.325333
20201021T1900,17.983723,53.0,1012.4,0.0,0.0,6.0,20.0,0.0,0.0,36.947517,23.14,12.092363,11.047636,0.02592,0.05233872,0.0,28.08,11.183201,236.82149,20.304129,232.92693,59.635166,215.41705,66.49191,206.70378,90.018,221.59549,106.679115,229.1051,103.0,21.26,14.18,1.62,15.84,17.47,0.246,9.768555
20201021T2000,16.283722,58.0,1013.1,0.0,0.0,1.8000001,6.0,0.0,0.0,0.0,0.0,0.0,0.0,0.01296,0.04479373,0.0,29.88,9.957108,220.60129,21.650938,222.97864,56.330513,215.11201,65.91146,209.08499,85.804695,226.18994,102.58042,228.98431,108.0,20.69,13.51,1.63,14.42,16.09,0.246,7.8391724
20201021T2100,14.743722,63.0,1013.7,0.0,0.0,0.0,0.0,0.0,0.0,0.0,0.0,0.0,0.0,0.01008,0.030617384,0.0,31.319998,8.669949,221.63354,20.421871,229.28915,52.357414,211.50427,66.5153,208.09073,84.30613,229.84984,101.451675,230.03824,113.0,20.01,13.09,1.78,13.16,14.87,0.246,6.2570486
20201021T2200,13.963722,62.0,1014.6,0.0,0.0,0.0,0.0,0.0,0.0,0.0,0.0,0.0,0.0,0.00864,0.037268497,0.0,33.839996,10.195057,222.1376,22.915916,223.72697,50.87349,211.10283,69.70719,210.40553,80.51937,227.53677,100.76142,230.50896,120.0,19.1,12.87,1.44,12.27,13.82,0.246,6.110098
20201021T2300,14.253722,54.0,1015.2,0.0,0.0,2.1000001,7.0,0.0,0.0,0.0,0.0,0.0,0.0,0.01152,0.06041274,0.0,27.0,12.88981,215.90973,26.493652,222.7974,51.63208,212.47119,72.667404,211.01244,79.768234,222.2563,102.8372,231.96669,127.0,18.0,12.86,1.09,11.93,13.06,0.246,7.5367146
20201022T0000,13.073722,60.0,1016.2,0.0,0.0,0.0,0.0,0.0,0.0,0.0,0.0,0.0,0.0,0.01728,0.053281076,0.0,39.239998,14.05845,219.80557,26.739542,223.36343,50.72424,213.12616,73.002815,212.51453,86.86748,222.81676,100.22492,232.88315,134.0,16.12,12.33,1.36,11.34,12.52,0.246,6.0696993
20201022T0100,11.743722,67.0,1016.9,0.0,0.0,0.6,2.0,0.0,0.0,0.0,0.0,0.0,0.0,0.01296,0.029000618,0.0,25.199999,10.383987,213.69006,20.633371,222.8789,46.24984,211.95811,72.428024,211.79407,88.87042,226.47722,100.68936,234.60521,138.0,15.35,11.9,1.43,10.39,11.92,0.246,4.5887527
20201022T0200,10.413722,72.0,1017.4,0.0,0.0,20.0,48.0,20.0,0.0,0.0,0.0,0.0,0.0,0.00576,0.013570266,0.0,30.239998,7.491114,215.21759,12.88981,234.09029,43.22399,209.98164,73.16153,211.10881,83.29159,229.90906,97.55469,236.89636,141.0,15.13,11.56,0.99,9.58,11.23,0.246,3.5646048
20201022T0300,10.583722,69.0,1017.7,0.0,0.0,75.0,75.0,75.0,0.0,0.0,0.0,0.0,0.0,0.00288,0.0014896698,0.0,12.599999,3.5455887,203.9625,4.2136917,199.98311,8.089993,200.85446,24.774696,215.53769,82.51228,217.0199,92.24012,238.72945,143.0,14.56,11.38,0.95,9.5,10.7,0.247,3.9915085
20201022T0400,10.843722,69.0,1017.6,0.0,0.0,50.0,50.0,50.0,50.0,0.0,0.0,0.0,0.0,0.00288,0.00177049,3.0,7.5599995,3.6,270.0,5.8603754,280.61966,9.255571,193.49573,28.357855,208.84267,80.30905,215.32867,89.5995,237.97021,142.0,14.35,11.2,0.45,9.69,10.31,0.248,4.061184
20201022T0500,11.073722,70.0,1017.8,0.0,0.0,75.0,14.0,25.0,75.0,0.0,0.0,0.0,0.0,0.00144,0.0,0.0,3.96,1.609969,243.43495,2.1897945,279.46234,10.182337,188.1301,30.489683,202.9321,75.91989,222.69403,86.17847,235.38054,145.0,14.16,11.32,0.29,9.73,10.24,0.249,3.9906769
20201022T0600,10.873722,73.0,1018.0,0.0,0.0,8.1,27.0,0.0,0.0,0.0,0.0,0.0,0.0,0.0,0.0,0.0,2.16,1.1384199,288.43497,1.5273507,315.0,13.397612,186.17018,35.58359,205.78732,66.061714,231.19391,84.829475,234.1514,146.0,13.82,11.58,0.45,8.22,9.77,0.25,3.544217
20201022T0700,10.743722,75.0,1017.8,0.0,0.0,79.0,59.0,79.0,0.0,0.0,0.0,0.0,0.0,0.00144,0.0,0.0,4.32,2.968636,345.96375,3.7585104,343.30075,13.202726,168.99646,45.63488,209.80095,53.961586,238.64291,84.6,233.1301,145.0,13.89,11.41,0.15,8.15,9.34,0.25,3.2534351
20201022T0800,11.123722,75.0,1018.4,0.0,0.0,100.0,77.0,100.0,0.0,0.0,0.0,0.0,0.0,0.00144,0.0,0.0,3.96,1.835647,11.309921,2.5959969,33.690063,17.114204,194.62088,53.843773,211.88358,42.73702,235.64062,83.45325,233.77274,151.0,14.23,11.02,0.34,8.59,9.29,0.25,3.3366003
20201022T0900,11.423722,75.0,1018.1,0.0,0.0,76.0,38.0,76.0,0.0,11.262765,56.07,29.575466,26.494534,0.00144,0.0,0.0,2.8799999,1.8,360.0,1.484318,14.03624,18.511143,193.49573,55.716324,214.20346,37.490158,228.50352,84.888275,233.2759,148.0,14.1,11.17,0.19,11.28,9.74,0.25,3.4035702
20201022T1000,12.913722,71.0,1018.4,0.0,0.0,37.0,37.0,37.0,0.0,36.38298,210.93,116.96992,93.960075,0.02304,0.0794907,0.0,8.28,2.968636,345.96375,1.835647,348.69006,21.900904,205.30138,61.274075,216.39862,38.746437,221.98721,83.473434,235.89873,151.0,14.34,11.11,0.22,14.3,11.22,0.25,4.3547506
20201022T1100,14.543722,61.0,1017.8,0.0,0.0,100.0,100.0,100.0,0.0,0.0,337.31,195.3425,141.9675,0.05184,0.16486694,0.0,24.48,3.6,360.0,2.9024127,7.125,29.07989,211.32869,67.32096,217.17628,44.04523,225.99347,84.7477,232.59465,148.0,15.23,11.07,0.09,17.16,13.21,0.25,6.510727
20201022T1200,15.403722,57.0,1018.6,0.0,0.0,100.0,100.0,100.0,10.0,0.0,321.29,221.58368,99.70632,0.06768,0.17839593,4.0,12.24,2.6208394,344.0546,2.1897945,350.5377,32.59939,210.52971,63.80942,212.79349,46.974136,229.35107,80.79815,232.05785,155.0,16.08,11.05,-0.1,17.81,14.79,0.249,7.586912
20201022T1300,16.273722,57.0,1018.6,0.0,0.0,100.0,43.0,100.0,0.0,0.0,357.78,308.0254,49.7546,0.08064,0.20640863,7.0,21.24,2.5959969,236.30994,2.5455842,225.0,41.48912,210.79324,61.226463,208.82556,50.83526,232.4809,79.44833,226.46881,155.0,17.09,10.22,-0.43,18.03,16.26,0.249,8.020709
20201022T1400,18.153723,64.0,1018.5,0.0,0.0,100.0,68.0,100.0,100.0,0.0,356.88998,288.33594,68.55406,0.09792,0.23766129,15.0,38.519997,24.951921,223.83087,34.62369,224.15747,54.654827,217.7757,57.51443,214.28688,46.883003,222.51045,90.397285,223.54773,156.0,18.82,9.06,-0.63,18.29,17.55,0.248,7.5626383
20201022T1500,15.673722,82.0,1018.4,0.9,0.0,100.0,87.0,100.0,100.0,0.0,88.11,2.1247177,85.98528,0.0432,0.074672416,11.0,25.56,8.217153,241.18921,10.30883,245.22485,33.809345,206.56505,58.65459,211.44623,75.3493,225.0,96.146965,221.50882,155.0,16.73,9.29,-0.59,16.69,16.38,0.261,3.2313213
20201022T1600,15.503722,85.0,1017.9,0.9,0.0,100.0,94.0,100.0,100.0,0.0,78.32,2.3143845,76.005615,0.03312,0.06265724,26.0,24.48,5.04,270.0,6.0347,287.35403,38.64764,207.75854,62.303925,213.69006,75.967674,228.07333,85.514206,229.2679,152.0,16.79,9.68,-0.4,16.09,15.69,0.273,2.6636238
20201022T1700,14.653722,89.0,1018.0,0.5,0.0,100.0,100.0,100.0,100.0,0.0,56.07,1.9593391,54.11066,0.02304,0.045438845,14.0,14.04,3.6,306.8699,3.8268526,318.8141,32.427986,202.8645,59.456703,211.38023,81.367165,232.36958,79.502144,227.56924,151.0,16.0,9.81,-0.34,14.83,15.02,0.283,1.8494368
20201022T1800,14.193722,94.0,1018.0,0.5,0.0,100.0,100.0,100.0,100.0,0.0,31.15,3.3947563,27.755243,0.0072,0.027494714,28.0,21.24,1.4399999,89.99999,3.319036,102.52881,38.706276,198.43495,60.596672,209.1538,76.510796,237.88031,77.13162,224.81091,151.0,15.72,10.25,-0.68,14.44,14.47,0.295,0.9792385
20201022T1900,14.133722,94.0,1017.6,0.0,0.0,100.0,100.0,100.0,100.0,0.0,6.23,2.6259277,3.6040723,0.00144,0.008982764,28.0,20.16,4.6800003,67.380135,7.42159,104.03624,39.33072,203.7495,53.620667,214.33022,68.92942,231.57387,81.02799,222.47917,147.0,16.68,10.47,-0.49,13.61,14.04,0.294,0.97544
20201022T2000,13.9337225,94.0,1017.2,0.0,0.0,100.0,100.0,100.0,100.0,0.0,0.0,0.0,0.0,0.00144,0.0,21.0,21.599998,5.692099,34.69516,6.6185193,67.61986,29.62518,205.94229,54.654827,217.7757,70.10763,221.87787,78.269165,228.1695,144.0,17.04,10.74,-0.61,13.29,13.66,0.292,0.9628744
20201022T2100,13.633722,95.0,1017.1,0.0,0.0,100.0,100.0,100.0,100.0,0.0,0.0,0.0,0.0,0.0,0.0,28.0,24.84,6.792466,32.005356,8.78872,34.99202,31.435646,193.24052,49.435482,205.4454,71.96489,231.29544,79.23681,227.39362,142.0,16.27,10.54,-0.59,13.04,13.34,0.291,0.7869148
20201022T2200,13.473722,96.0,1017.1,0.0,0.0,100.0,100.0,100.0,100.0,0.0,0.0,0.0,0.0,0.0,0.0,53.0,8.64,6.28713,13.240509,10.028439,21.037506,27.757376,182.97372,45.800713,200.71417,72.08994,230.2677,88.763176,228.61734,142.0,15.74,11.16,-0.38,12.93,13.12,0.29,0.6230116
20201022T2300,13.463722,97.0,1017.6,0.0,0.0,100.0,100.0,100.0,100.0,0.0,0.0,0.0,0.0,0.0,0.0,52.0,4.68,4.510787,298.61047,5.8048253,330.25513,32.862694,204.5998,41.140926,212.85573,70.05955,227.29062,93.94897,226.08678,147.0,15.54,9.31,-0.55,13.13,13.05,0.29,0.46695328
20201023T0000,13.363722,97.0,1018.1,0.2,0.0,100.0,100.0,100.0,100.0,0.0,0.0,0.0,0.0,0.0,0.0,26.0,5.04,2.8116899,320.19443,3.4152596,341.56506,27.691935,206.23193,46.675217,211.11533,90.652824,233.72171,95.40068,228.67169,151.0,15.54,8.37,-0.1,13.04,13.0,0.291,0.4639206
20201023T0100,13.143723,97.0,1017.4,0.2,0.0,100.0,100.0,100.0,100.0,0.0,0.0,0.0,0.0,0.0,0.0,0.0,10.440001,0.5091169,315.0,0.35999998,360.0,25.671307,194.62088,49.82327,203.41603,75.490204,237.06778,101.38522,232.35698,146.0,15.31,8.11,-0.1,12.96,12.94,0.292,0.45731258
20201023T0200,12.923722,97.0,1017.6,0.6,0.0,100.0,100.0,100.0,100.0,0.0,0.0,0.0,0.0,0.0,0.0,0.0,12.24,2.3051248,218.65982,2.7416782,203.1986,26.081993,206.21138,52.010967,207.62924,80.022095,238.24052,93.46143,232.51215,147.0,15.13,7.61,-0.23,12.67,12.86,0.297,0.4507866
20201023T0300,12.793722,97.0,1017.2,0.7,0.0,100.0,100.0,100.0,100.0,0.0,0.0,0.0,0.0,0.0,0.0,0.0,5.04,2.4149535,243.43495,2.5455842,225.0,12.599999,180.0,25.068514,192.43956,87.50962,221.16376,97.21466,230.7106,144.0,15.21,8.0,-0.5,12.32,12.55,0.3,0.44696903
20201023T0400,12.723722,97.0,1016.3,0.7,0.0,100.0,100.0,100.0,100.0,0.0,0.0,0.0,0.0,0.0,0.0,3.0,2.52,2.16,270.0,2.1897945,260.5377,19.586117,197.10272,33.145424,188.74615,89.10636,220.57619,91.41023,229.47214,137.0,14.91,8.37,-0.39,12.09,12.27,0.301,0.44492626
20201023T0500,12.743722,97.0,1016.3,1.1,0.0,100.0,100.0,100.0,100.0,0.0,0.0,0.0,0.0,0.0,0.0,2.0,3.2399998,1.2979984,33.690063,1.609969,26.565033,24.967499,185.7928,41.3248,198.27711,76.97773,232.21902,83.49051,231.3016,136.0,14.78,8.27,-0.43,12.18,12.14,0.305,0.44550705
20201023T0600,12.793722,97.0,1015.4,1.3,0.0,100.0,100.0,100.0,100.0,0.0,0.0,0.0,0.0,0.0,0.0,0.0,2.8799999,1.08,89.99999,2.2768397,108.434944,28.30983,187.30576,44.831203,209.85901,68.009514,240.85703,83.436165,230.9541,130.0,14.88,7.96,-0.35,12.15,12.11,0.311,0.44696903
20201023T0700,12.703722,97.0,1015.6,1.2,0.0,100.0,100.0,100.0,100.0,0.0,0.0,0.0,0.0,0.0,0.0,0.0,3.2399998,1.484318,75.96376,2.9024127,119.74488,23.83896,194.87569,48.844715,212.05014,54.564644,249.53244,82.50207,226.41443,132.0,14.86,7.94,-0.32,12.01,12.09,0.316,0.44434166
20201023T0800,12.693722,97.0,1014.8,1.9,0.0,100.0,100.0,100.0,100.0,0.0,0.0,0.0,0.0,0.0,0.0,0.0,4.32,2.9024127,60.25511,3.6,89.99999,21.24305,180.97102,41.45631,203.0026,58.28443,242.80186,77.44603,222.7395,125.0,14.82,7.83,0.06,11.93,12.04,0.325,0.4440508
20201023T0900,12.6837225,97.0,1014.2,2.7,0.0,100.0,100.0,100.0,100.0,0.0,8.9,1.467452,7.4325476,0.0,0.008814401,0.0,5.04,3.396233,57.994614,4.452954,75.96376,26.932714,188.45503,52.050823,211.71135,55.107048,241.09082,72.06207,226.41693,119.0,14.86,8.14,0.07,12.4,12.09,0.335,0.44376087
20201023T1000,13.003722,96.0,1014.1,1.3,0.0,100.0,100.0,100.0,100.0,0.0,52.51,9.863907,42.64609,0.0,0.032410137,0.0,9.0,2.8799999,89.99999,4.379589,99.46232,29.957972,200.39488,66.2488,215.9358,54.019196,248.90765,72.32327,226.61354,119.0,14.86,8.49,0.0,13.63,12.44,0.331,0.6041994
20201023T1100,13.703722,93.0,1014.3,0.7,0.0,100.0,0.0,100.0,100.0,0.0,102.35,17.377167,84.97283,0.00288,0.06054646,14.0,28.8,3.2399998,180.0,2.16,180.0,41.38747,205.22766,77.9007,220.3141,80.38405,245.38615,79.20081,223.34239,121.0,15.11,8.73,-0.2,14.58,13.01,0.327,1.1067038
20201023T1200,14.843722,86.0,1015.0,0.2,0.0,100.0,0.0,100.0,100.0,0.0,147.73999,26.561806,121.178185,0.04608,0.09048718,1.0,36.719997,12.397806,244.17902,15.379206,249.44395,42.406715,220.17923,68.68456,229.46385,100.4716,231.69287,78.17556,220.1434,128.0,16.57,7.79,-0.09,14.57,13.74,0.321,2.3828335
20201023T1300,15.953722,80.0,1014.6,0.3,0.0,100.0,0.0,92.0,100.0,0.0,206.48,61.685577,144.79442,0.09792,0.13016105,8.0,30.599998,23.333443,218.10757,28.394392,219.34052,45.086315,242.41193,40.68637,268.98602,82.37395,236.58774,85.097176,222.5998,125.0,16.96,8.46,-0.2,17.43,14.52,0.318,3.6552057
20201023T1400,15.733722,82.0,1014.9,0.2,0.0,100.0,0.0,100.0,100.0,0.0,184.23,34.337616,149.89238,0.10512,0.117571615,87.0,25.199999,21.94524,221.0091,26.787966,221.18593,31.129074,275.9743,42.67177,260.7761,63.721016,239.81346,85.46191,219.18753,128.0,16.88,7.94,-0.82,16.92,14.89,0.315,3.2437515
20201023T1500,15.013722,85.0,1015.2,0.3,0.0,100.0,0.0,100.0,100.0,0.0,134.39,6.27948,128.11052,0.06912,0.08949713,101.0,21.599998,11.659777,188.88066,12.9249525,192.875,24.993437,228.50352,31.205997,258.69006,53.03864,246.39288,83.753204,225.52245,129.0,16.46,7.69,-1.66,15.18,14.77,0.317,2.581133
20201023T1600,14.973722,84.0,1015.6,0.6,0.0,100.0,1.0,100.0,100.0,0.0,107.689995,5.5938873,102.09611,0.05328,0.07823667,130.0,16.919998,10.630672,208.30077,10.296251,216.46924,27.0,233.1301,24.280659,254.52136,36.44722,249.77515,102.511536,219.72829,133.0,16.59,7.26,-2.25,14.96,14.55,0.321,2.7461329
20201023T1700,14.993722,86.0,1015.7,1.4,0.0,100.0,75.0,100.0,88.0,0.0,131.72,68.11153,63.608475,0.0576,0.077954,196.0,13.32,7.145796,220.91438,7.2,233.1301,24.703974,223.22853,19.8,270.0,34.524353,258.5729,78.72731,219.80557,134.0,16.4,7.13,-2.25,15.12,14.72,0.327,2.4059505
20201023T1800,14.043722,91.0,1016.4,2.4,0.0,100.0,100.0,100.0,100.0,0.0,7.12,-0.023739338,7.143739,0.01872,0.030145196,155.0,20.880001,14.081478,184.39871,18.03237,183.43362,20.87379,212.31961,13.202726,244.13365,34.47176,294.69156,62.296646,210.56627,139.0,16.02,6.96,-2.98,13.68,14.22,0.342,1.4546556
20201023T1900,13.413722,91.0,1017.3,3.1,0.0,100.0,100.0,100.0,100.0,0.0,0.0,0.0,0.0,0.02592,0.022957155,85.0,21.599998,15.137133,182.72632,20.633371,186.009,13.849476,188.97263,13.627795,257.79953,34.936695,296.30103,63.672184,223.16716,147.0,15.49,6.54,-2.98,13.09,13.75,0.35,1.396307
20201023T2000,12.863722,89.0,1018.0,1.7,0.0,100.0,0.0,100.0,100.0,0.0,0.0,0.0,0.0,0.0288,0.009715668,49.0,15.4800005,15.876775,183.9005,20.16,180.0,22.33161,181.84761,20.972897,219.42781,37.137623,286.32684,52.178886,230.59933,152.0,14.59,6.34,-3.39,12.67,13.34,0.348,1.646411
20201023T2100,12.163722,90.0,1018.1,1.8,0.0,100.0,0.0,100.0,100.0,0.0,0.0,0.0,0.0,0.036,0.00079449924,30.0,12.959999,9.3876505,184.39871,13.363711,175.36453,26.009842,184.76364,23.950148,222.56335,34.298386,295.4892,50.425705,223.2643,153.0,13.86,6.02,-3.33,12.19,12.91,0.348,1.4295559
20201023T2200,11.593722,89.0,1019.4,1.1,0.0,100.0,0.0,100.0,100.0,0.0,0.0,0.0,0.0,0.02736,0.0013937373,42.0,12.599999,9.114471,170.90973,14.345898,162.47443,20.767975,213.69006,24.735432,248.66315,36.322556,283.7608,56.771667,225.77075,162.0,12.92,5.82,-3.62,11.76,12.52,0.345,1.5145073
20201023T2300,11.313722,88.0,1020.0,0.0,0.0,100.0,0.0,100.0,100.0,0.0,0.0,0.0,0.0,0.0288,0.00077405915,28.0,11.159999,7.9932976,187.76517,10.805999,181.90915,22.553936,241.38954,26.476522,258.23172,30.274265,272.72632,57.611244,228.0394,166.0,12.65,5.8,-3.99,11.47,12.18,0.338,1.6218662
20201024T0000,11.223722,90.0,1020.5,0.0,0.0,100.0,0.0,40.0,100.0,0.0,0.0,0.0,0.0,0.02592,0.0,39.0,13.679999,7.172949,197.52557,6.725354,195.52411,31.39233,233.39293,28.08923,268.5312,27.77838,266.28473,51.816242,229.226,171.0,12.72,5.57,-4.24,11.34,11.92,0.334,1.3435221
20201024T0100,11.043722,91.0,1020.1,0.0,0.0,100.0,0.0,8.0,100.0,0.0,0.0,0.0,0.0,0.02016,0.0,25.0,15.4800005,8.12197,192.80426,7.92,180.0,30.551254,225.95483,25.812277,278.0171,26.28986,268.43063,39.938915,236.02345,167.0,12.95,5.36,-4.46,11.17,11.73,0.33,1.1948204
20201024T0200,10.983722,90.0,1020.3,0.0,0.0,100.0,0.0,100.0,100.0,0.0,0.0,0.0,0.0,0.02016,0.00011139613,66.0,12.599999,9.028754,184.57391,11.159999,180.0,23.219301,240.25513,25.620771,287.16193,22.505037,262.6476,28.241077,252.95097,169.0,13.24,5.52,-4.59,11.01,11.55,0.329,1.3222971
20201024T0300,10.9337225,89.0,1020.2,0.3,0.0,100.0,0.0,66.0,100.0,0.0,0.0,0.0,0.0,0.01728,0.0031929824,77.0,14.04,10.703569,199.65382,15.986593,215.83765,16.394829,261.1582,19.443333,268.9391,17.64,270.0,21.322214,281.68936,168.0,13.44,5.39,-4.77,10.78,11.25,0.328,1.4497099
20201024T0400,11.173722,84.0,1019.7,0.1,0.0,100.0,0.0,0.0,100.0,0.0,0.0,0.0,0.0,0.02016,0.009831874,32.0,14.759999,11.090103,193.13402,17.555307,208.1416,18.289274,280.20398,16.766108,284.93143,20.172853,267.9546,17.935081,308.48022,165.0,13.49,5.37,-4.93,10.59,11.05,0.326,2.1425161
20201024T0500,11.443722,81.0,1019.5,0.0,0.0,100.0,0.0,0.0,100.0,0.0,0.0,0.0,0.0,0.02448,0.017325079,25.0,16.56,13.1041975,200.9245,19.406637,220.48601,18.39878,300.57922,14.658676,294.67688,21.24305,269.029,18.278645,327.875,163.0,13.25,5.1,-5.08,10.67,10.96,0.324,2.5901518
20201024T0600,11.393723,82.0,1019.4,0.0,0.0,100.0,0.0,0.0,100.0,0.0,0.0,0.0,0.0,0.02448,0.018897891,17.0,15.119999,15.0038395,210.25644,21.892027,225.0,21.385939,306.0983,11.874544,284.03625,20.519999,270.0,21.288757,341.25867,163.0,13.13,4.66,-4.76,10.68,10.93,0.322,2.4457188
20201024T0700,10.863722,84.0,1020.3,0.0,0.0,2.0,0.0,0.0,2.0,0.0,0.0,0.0,0.0,0.0144,0.013353215,10.0,14.759999,13.53236,208.61046,21.129883,224.30972,16.87398,303.69006,10.594036,279.7824,20.696085,283.06934,25.223133,357.54596,169.0,12.96,4.57,-4.69,9.5,10.64,0.322,2.098876
20201024T0800,10.233722,85.0,1019.9,0.0,0.0,0.0,0.0,0.0,0.0,0.0,0.0,0.0,0.0,0.0072,0.0100469235,6.0,12.959999,12.413477,209.53879,19.862083,226.46881,12.682018,304.5923,8.669949,265.23636,19.966211,295.64102,27.25559,12.200455,166.0,12.53,4.3,-4.44,8.97,10.21,0.321,1.8868036
20201024T0900,10.573722,85.0,1020.4,0.0,0.0,26.0,0.0,0.0,26.0,40.522697,48.059998,25.312254,22.747744,0.01584,0.0004332829,7.0,12.24,11.808878,217.5686,18.11841,229.02826,10.948973,297.40756,10.315115,240.75117,18.720001,292.61987,28.58545,16.837463,170.0,12.37,3.97,-4.42,10.52,10.11,0.32,1.93009
20201024T1000,12.103722,81.0,1020.4,0.0,0.0,52.0,0.0,0.0,52.0,26.80851,200.25,110.72689,89.52311,0.0504,0.0770578,11.0,11.5199995,12.599998,216.8699,13.608762,217.47618,6.162207,276.70984,13.479583,235.88553,20.188908,291.99115,30.21642,21.674637,171.0,13.03,4.03,-4.22,13.16,10.95,0.32,2.705452
20201024T1100,13.353722,73.0,1020.7,0.0,0.0,43.0,0.0,0.0,43.0,32.553192,335.53,193.74695,141.78305,0.09936,0.15464878,23.0,10.08,10.799999,216.8699,12.768586,220.42609,1.9386592,248.1986,13.570615,248.1986,19.022177,299.4759,34.22841,22.249008,174.0,13.89,4.2,-3.75,15.47,12.31,0.319,4.172578
20201024T1200,14.333722,68.0,1020.7,0.0,0.0,0.0,0.0,0.0,0.0,60.0,436.99,260.3338,176.6562,0.13824,0.2167589,25.0,11.5199995,9.290511,215.53769,11.019764,218.3675,5.0528407,184.08562,13.1041975,254.0546,17.208603,307.34937,39.001472,23.962494,175.0,14.69,4.2,-3.14,17.36,13.82,0.317,5.2701225
20201024T1300,15.073722,64.0,1019.3,0.0,0.0,0.0,0.0,0.0,0.0,60.0,498.4,302.33774,196.06226,0.16704,0.25891346,27.0,9.72,7.7043357,217.40535,8.669949,221.63354,9.178235,221.82018,13.237039,247.61987,14.291592,319.08563,36.659946,17.72322,164.0,15.38,4.36,-2.73,18.8,15.25,0.316,6.218651
20201024T1400,15.593722,60.0,1019.2,0.0,0.0,10.0,0.0,0.0,10.0,53.61702,438.77,280.8526,157.91737,0.1728,0.24420235,23.0,10.440001,7.7879906,236.30994,8.587338,236.97614,10.685391,237.38075,13.570615,248.1986,10.383987,326.30994,36.2243,10.30484,162.0,15.95,4.6,-2.52,19.09,16.15,0.315,7.1440477
20201024T1500,16.113722,58.0,1019.0,0.0,0.0,10.0,0.0,0.0,10.0,53.61702,458.35,276.6825,181.66751,0.1728,0.25405297,19.0,9.72,7.0911775,246.0375,7.24486,243.43495,8.534353,242.35403,6.4096174,231.84277,11.298495,337.52057,33.12,360.0,161.0,16.54,5.19,-2.25,19.1,16.67,0.307,7.7547035
20201024T1600,16.283722,57.0,1018.0,0.0,0.0,5.0,0.0,0.0,5.0,56.808514,388.93,229.47156,159.45844,0.1512,0.21771038,13.0,9.72,6.9527545,248.7495,7.42159,247.16635,8.766573,250.82098,4.829907,243.43495,8.78872,325.008,30.216421,344.80475,153.0,16.93,5.85,-2.09,18.52,16.97,0.301,8.02582
20201024T1700,16.243723,58.0,1017.3,0.0,0.0,0.0,0.0,0.0,0.0,60.0,286.58,163.15494,123.42505,0.11376,0.15627094,7.0,7.5599995,5.692099,235.30484,6.489992,236.30994,8.707237,240.25513,4.3349743,221.63354,10.948973,297.40756,29.024128,330.25513,146.0,17.22,6.38,-1.83,17.29,16.88,0.294,7.8192215
20201024T1800,15.903723,62.0,1017.2,0.0,0.0,0.0,0.0,0.0,0.0,60.0,144.18,78.28793,65.89206,0.0576,0.06841351,9.0,5.3999996,3.6,233.1301,5.3999996,233.1301,10.990322,238.3925,5.1165614,230.7106,12.783802,279.7276,27.497026,313.9391,147.0,17.44,6.68,-1.64,15.38,16.27,0.288,6.9227505
20201024T1900,15.173722,64.0,1017.2,0.0,0.0,0.0,0.0,0.0,0.0,34.516666,14.24,7.4221935,6.8178062,0.00432,0.0,0.0,7.5599995,2.9024127,209.74489,4.8965297,216.02737,11.200571,225.0,5.904439,232.43141,15.484185,271.3322,30.274265,295.3462,147.0,17.34,6.74,-1.42,12.92,14.93,0.288,6.2587566
20201024T2000,14.073722,67.0,1016.8,0.0,0.0,0.0,0.0,0.0,0.0,0.0,0.0,0.0,0.0,0.00288,0.006964235,0.0,8.64,4.32,180.0,6.379216,196.38954,10.163227,202.9321,7.5685663,205.34618,18.089775,264.28943,32.142982,285.59283,143.0,16.87,6.78,-1.05,11.79,13.7,0.288,5.3441143
20201024T2100,12.673722,72.0,1017.1,0.0,0.0,0.0,0.0,0.0,0.0,0.0,0.0,0.0,0.0,0.00144,0.0022928726,0.0,5.04,3.96,180.0,4.3498964,204.44395,8.311245,197.65013,10.829958,201.44774,20.598795,264.98688,31.367552,279.24612,144.0,15.94,6.79,-0.6,10.78,12.65,0.289,4.139042
20201024T2200,11.693722,75.0,1017.3,0.0,0.0,4.5,15.0,0.0,0.0,0.0,0.0,0.0,0.0,0.00288,0.0043732454,0.0,4.32,5.0911684,188.1301,4.6938257,212.47119,8.209263,195.25513,13.397612,210.69972,24.448214,256.37302,35.296524,268.2466,144.0,15.0,6.98,-0.55,9.94,11.75,0.289,3.4648752
20201024T2300,11.003722,77.0,1016.8,0.0,0.0,3.6000001,12.0,0.0,0.0,0.0,0.0,0.0,0.0,0.00144,0.0027039754,0.0,4.32,5.0142193,201.0375,5.1165614,230.7106,8.209263,217.87498,16.676977,212.66092,28.99062,245.0261,39.763298,264.80557,139.0,14.31,7.2,-0.54,9.21,10.98,0.289,3.04533
20201025T0000,10.453722,77.0,1017.1,0.0,0.0,5.4,18.0,0.0,0.0,0.0,0.0,0.0,0.0,0.00144,0.005447992,0.0,5.7599998,6.0347,197.35403,6.3690495,222.7094,11.681987,213.69006,19.734436,218.33334,31.394394,243.43495,43.9259,269.06082,141.0,13.69,7.04,-0.76,8.56,10.31,0.289,2.9358969
20201025T0100,9.863722,77.0,1016.2,0.0,0.0,4.5,15.0,0.0,0.0,0.0,0.0,0.0,0.0,0.00144,0.005920925,0.0,7.2,6.28713,203.62938,7.7043357,217.40535,16.199999,216.8699,24.522314,220.23636,36.43655,240.39555,47.53227,271.30197,132.0,13.29,7.1,-1.01,8.0,9.71,0.289,2.822361
20201025T0200,9.323722,77.0,1016.2,0.0,0.0,1.5,5.0,0.0,0.0,0.0,0.0,0.0,0.0,0.00144,0.006125709,0.0,7.5599995,6.439876,206.56505,7.8954163,226.84761,22.104116,217.05653,31.255795,212.77487,39.24,236.60152,48.305775,272.99036,131.0,12.89,7.38,-0.99,7.49,9.19,0.289,2.7218695
20201025T0300,8.973722,80.0,1015.6,0.0,0.0,0.0,0.0,0.0,0.0,0.0,0.0,0.0,0.0,0.0,0.0,0.0,9.0,4.6800003,247.38014,5.1919937,236.30994,20.68356,211.47684,36.544872,214.1597,41.054207,234.63754,47.22728,266.9413,126.0,12.4,7.46,-0.64,7.09,8.76,0.288,2.311675
20201025T0400,8.373722,86.0,1015.2,0.0,0.0,0.90000004,3.0,0.0,0.0,0.0,0.0,0.0,0.0,0.0,0.0,0.0,11.159999,5.154415,245.22485,7.9932976,262.23483,23.188583,207.75854,42.85361,215.42578,43.466175,238.54794,50.65137,264.28943,122.0,11.89,7.54,-0.21,6.77,8.39,0.287,1.5538206
20201025T0500,7.953722,87.0,1014.6,0.0,0.0,2.4,8.0,0.0,0.0,0.0,0.0,0.0,0.0,0.0,0.0,0.0,10.799999,5.1919937,236.30994,8.654986,253.07248,22.870626,208.17859,44.360413,215.75389,44.431934,236.56744,52.33761,262.09283,116.0,11.44,7.67,0.2,6.46,8.05,0.286,1.402256
20201025T0600,7.733722,86.0,1014.4,0.0,0.0,6.3,21.0,0.0,0.0,0.0,0.0,0.0,0.0,0.0,0.0,0.0,11.879999,6.763786,244.79889,12.413476,253.1416,26.795223,210.69972,47.83667,214.88605,48.689247,231.60484,54.88318,262.0825,114.0,11.01,7.87,0.15,6.19,7.75,0.285,1.487669
20201025T0700,7.533722,78.0,1013.9,0.0,0.0,4.5,15.0,0.0,0.0,0.0,0.0,0.0,0.0,0.00144,0.0035635333,0.0,11.5199995,5.904439,232.43141,11.726277,252.1213,24.967497,208.41266,52.353703,215.76668,56.59447,228.09406,58.710915,260.82648,109.0,11.24,7.99,0.07,5.72,7.4,0.286,2.3060913
20201025T0800,7.253722,71.0,1013.4,0.0,0.0,1.5,5.0,0.0,0.0,0.0,0.0,0.0,0.0,0.00144,0.009348444,0.0,12.24,6.4096174,231.84277,11.726277,252.1213,28.503725,207.85965,58.60818,217.01068,65.00468,235.60587,64.60069,258.7527,105.0,11.7,8.12,0.0,5.41,7.06,0.286,2.9822378
20201025T0900,7.1537223,70.0,1012.9,0.0,0.0,1.2,4.0,0.0,0.0,53.919434,47.17,24.824755,22.345243,0.01008,0.0,0.0,14.04,6.6087217,240.64226,11.177405,255.06857,32.44996,213.69006,60.689636,221.63354,74.22114,238.083,72.79214,253.62645,100.0,11.93,8.37,-0.54,7.47,7.16,0.286,3.064036
20201025T1000,9.343722,73.0,1012.7,0.0,0.0,3.9,13.0,0.0,0.0,57.510635,202.92,112.04038,90.879616,0.03888,0.068564616,0.0,15.119999,5.634891,243.43495,9.255571,256.50427,37.56613,219.94617,55.531094,227.10165,78.41887,238.13402,82.19676,251.08893,101.0,13.05,8.48,-1.25,10.83,8.35,0.285,3.1995344
20201025T1100,12.473722,64.0,1011.9,0.0,0.0,4.2000003,14.0,0.0,0.0,57.31915,337.31,194.4897,142.8203,0.06192,0.15629409,0.0,19.44,7.42159,247.16635,7.208994,267.1376,38.445908,226.13818,50.02057,229.08562,72.08994,235.99251,88.24333,248.45903,97.0,14.36,8.88,-1.54,14.35,10.32,0.285,5.2522926
20201025T1200,15.693722,52.0,1011.4,0.0,0.0,3.0,10.0,0.0,0.0,58.085106,436.1,259.41864,176.68138,0.09936,0.24053335,0.0,20.519999,9.085988,236.30994,8.39657,239.03624,38.776527,228.76404,43.9436,235.00798,68.73831,225.84877,96.20625,245.92868,96.0,16.92,9.17,-0.96,17.46,12.61,0.284,8.627925
20201025T1300,17.443722,45.0,1009.3,0.0,0.0,5.1000004,17.0,0.0,0.0,56.744682,496.62,300.80463,195.81535,0.14688,0.30244514,0.0,23.759998,12.979984,236.30994,15.349684,230.7106,35.64182,225.81847,41.079456,221.09146,68.32986,217.29251,101.30082,246.98856,79.0,18.64,9.54,-0.65,19.32,14.78,0.283,11.049059
20201025T1400,17.783722,47.0,1008.9,0.0,0.0,5.7000003,19.0,0.0,0.0,56.361702,512.64,311.8802,200.75983,0.18432,0.32154605,0.0,36.0,19.469976,236.30994,23.688984,233.65254,35.496075,233.24632,51.952377,226.6847,68.3052,214.69516,96.68195,245.82089,76.0,18.89,9.39,-0.72,19.94,16.33,0.282,10.877939
20201025T1500,17.873722,51.0,1008.4,0.0,0.0,1.2,4.0,0.0,0.0,59.234043,480.6,289.6607,190.93929,0.18288,0.30359662,0.0,36.36,22.473343,234.78241,26.072052,234.55429,32.777794,231.24191,46.04905,219.28941,69.042145,222.67561,101.018974,241.24289,72.0,19.08,8.84,-0.6,19.72,16.94,0.279,10.114058
20201025T1600,17.613722,51.0,1008.0,0.0,0.0,43.0,9.0,43.0,0.0,32.553192,400.5,235.92142,164.57858,0.17424,0.27387246,0.0,38.519997,26.865265,237.5877,32.056175,237.38075,39.888584,233.44037,52.34999,217.73676,65.18485,226.34262,93.58061,251.14685,69.0,18.99,8.93,-1.12,18.93,17.17,0.277,9.949811
20201025T1700,16.723722,57.0,1007.1,0.0,0.0,23.400002,78.0,1.0,0.0,45.06383,286.58,162.88953,123.69047,0.13536,0.19713192,0.0,36.0,21.915691,222.337,26.250393,222.22083,43.027153,226.01698,60.665073,218.97841,62.088257,229.93921,96.03367,253.67107,61.0,18.36,9.52,-1.13,17.39,16.87,0.276,8.253521
20201025T1800,15.833722,64.0,1006.8,0.0,0.0,46.0,100.0,46.0,0.0,30.638298,131.72,71.40356,60.316444,0.07776,0.10229538,0.0,25.919998,15.192682,216.32683,22.608458,217.23483,38.183765,225.0,61.265606,220.71085,56.521145,226.03224,97.62639,249.49341,58.0,17.99,9.38,-0.9,15.37,16.06,0.274,6.5291204
20201025T1900,14.6837225,67.0,1006.5,0.0,0.0,100.0,100.0,100.0,100.0,0.0,13.349999,6.9523287,6.3976707,0.03168,0.0039943564,0.0,25.199999,10.587917,197.8189,18.837322,206.07535,38.746437,221.98721,61.605244,224.52649,54.26933,222.58049,90.80353,243.13019,55.0,17.83,9.01,-1.38,14.12,15.03,0.274,5.559063
20201025T2000,13.373722,71.0,1006.4,0.0,0.0,100.0,100.0,100.0,100.0,0.0,0.0,0.0,0.0,0.0216,0.018006267,0.0,25.199999,7.928178,177.39743,15.379206,196.31386,48.70123,228.29611,63.9555,222.49063,56.18999,220.32259,103.87107,224.15747,53.0,17.93,8.84,-1.56,13.34,14.21,0.274,4.4875
20201025T2100,13.143723,71.0,1006.3,0.0,0.0,100.0,100.0,100.0,97.0,0.0,0.0,0.0,0.0,0.01584,0.012746724,1.0,21.96,6.489992,199.44003,11.457958,223.72697,47.088493,233.39293,63.38965,225.69028,54.02999,231.22095,111.10943,232.23898,53.0,17.36,8.65,-1.73,12.91,13.59,0.274,4.4206924
20201025T2200,12.893723,80.0,1006.4,0.5,0.0,100.0,100.0,100.0,100.0,0.0,0.0,0.0,0.0,0.01728,0.010078407,18.0,23.759998,8.435069,219.80557,13.684735,234.63754,48.40896,227.41103,58.656807,221.51672,57.05063,257.98102,78.536125,238.49574,54.0,15.92,7.8,-1.68,12.56,13.14,0.278,2.9993515
20201025T2300,13.123722,83.0,1006.2,0.0,0.0,100.0,100.0,100.0,100.0,0.0,0.0,0.0,0.0,0.00864,0.0046574282,18.0,23.039999,7.2805495,188.53076,11.681987,213.69006,42.095375,228.81409,58.656807,221.51672,55.15994,232.15782,82.29603,233.18024,54.0,16.34,8.77,-1.25,12.37,12.8,0.278,2.5880547